#h	SmapEntryID	QryContigID	RefcontigID1	RefcontigID2	QryStartPos	QryEndPos	RefStartPos	RefEndPos	Confidence	Type	XmapID1	XmapID2	LinkID	QryStartIdx	QryEndIdx	RefStartIdx	RefEndIdx	Zygosity	Genotype	GenotypeGroup	RawConfidence	RawConfidenceLeft	RawConfidenceRight	RawConfidenceCenter	SVsize	SVfreq	Orientation	VAF
316	121	2	2	48652956.5	48661499.6	48695763.0	48703771.0	1.0	inversion	46	50	317	9339	9340	9529	9530	heterozygous	1	78	-1.0	11893.59	1475.96	-1.0	5407781.0	0.172	NA	0.96
348	122	2	2	48653025.0	48661568.1	48695763.0	48703771.0	1.0	inversion	47	51	349	9334	9335	9529	9530	heterozygous	1	78	-1.0	11915.69	1474.68	-1.0	5407781.0	0.16699999999999998	NA	0.96
354	121	2	2	54067983.5	54080476.2	54111552.0	54124555.0	1.0	inversion	50	54	355	10509	10510	10720	10721	heterozygous	1	79	-1.0	1475.96	8525.82	-1.0	5407781.0	0.157	NA	0.96
359	122	2	2	54067387.9	54079880.7	54111552.0	54124555.0	1.0	inversion	51	55	360	10503	10504	10720	10721	heterozygous	1	79	-1.0	1474.68	8523.94	-1.0	5407781.0	0.19	NA	0.96
418	1511	2	2	209958.7	209958.7	87052278.0	87511142.0	0.87	inversion	56	59	419	34	34	17571	17642	heterozygous	1	-1	-1.0	62.58	73.55	-1.0	206177.0	0.092	NA	0.1
616	1332	2	2	96342.3	107980.5	185416274.5	188939570.0	0.92	inversion	84	90	617	27	28	37306	38062	heterozygous	1	138	-1.0	64.39	29.87	-1.0	278622.5	0.079	NA	0.23
618	1331	2	2	294404.3	306042.5	185421318.0	188939570.0	1.0	inversion	85	91	619	92	93	37308	38062	heterozygous	1	138	-1.0	69.89	96.79	-1.0	283666.0	0.17800000000000002	NA	0.23
620	1401	2	2	41779.0	593278.9	188653374.0	188928390.0	-1.0	duplication_inverted	86	87	-1	6	143	37992	38061	unknown	-1	-1	-1.0	89.13	88.01	-1.0	275016.0	0.23199999999999998	NA	0.26
621	1402	2	2	5377.6	485018.2	188689289.0	188928390.0	-1.0	duplication_inverted	88	89	-1	1	117	38002	38061	unknown	-1	-1	-1.0	76.68	71.38	-1.0	239101.0	0.13	NA	0.14
1396	1441	5	5	26522.6	534236.9	89352924.5	89583803.0	-1.0	duplication_inverted	115	116	-1	6	119	18161	18221	unknown	-1	-1	-1.0	77.44	63.92	-1.0	230878.5	0.114	NA	0.17
1399	1190	5	5	-4102996.9	4705167.9	115008030.0	119408105.0	-1.0	duplication_split	119	120	-1	0	132	23845	24794	unknown	-1	-1	-1.0	78.91	86.79	-1.0	4400075.0	0.161	NA	0.17
1645	1212	7	7	-5267098.8	5911615.5	46584942.0	52171980.0	-1.0	duplication_split	133	135	-1	0	120	9300	10391	unknown	-1	-1	-1.0	80.88	75.21	-1.0	5587038.0	0.213	NA	0.23
2253	1101	10	10	-364053.8	959776.6	46334173.0	46991592.0	-1.0	duplication_split	225	226	-1	0	120	8720	8849	unknown	-1	-1	-1.0	56.68	69.59	-1.0	657419.0	0.049	NA	0.05
2254	1102	10	10	293253.0	293253.0	46991592.0	47870426.5	0.94	inversion	227	229	2255	61	61	8849	8998	heterozygous	1	-1	-1.0	69.59	76.85	-1.0	189840.5	0.162	NA	0.17
2284	1261	11	11	212642.8	237708.5	12201822.0	16061950.0	1.0	inversion	236	240	2285	40	41	2089	2906	heterozygous	1	500	-1.0	70.82	55.11	-1.0	300403.5	0.215	NA	0.34
2286	1262	11	11	278160.6	303226.4	12201822.0	16061950.0	1.0	inversion	237	241	2287	55	56	2089	2906	heterozygous	1	500	-1.0	70.82	74.99	-1.0	300403.5	0.243	NA	0.34
2289	1360	11	11	41975.3	582675.4	15772356.0	16042147.0	-1.0	duplication_inverted	238	239	-1	7	131	2841	2905	unknown	-1	-1	-1.0	83.83	75.64	-1.0	269791.0	0.309	NA	0.5
2360	1340	11	11	-3626807.4	4224247.9	56328953.0	60250633.0	-1.0	duplication_split	257	258	-1	0	124	10416	11230	unknown	-1	-1	-1.0	79.31	80.46	-1.0	3921680.0	0.23600000000000002	NA	0.27
2909	1381	15	15	36962.6	470727.0	36199510.0	36416588.0	-1.0	duplication_inverted	287	288	-1	5	99	3098	3146	unknown	-1	-1	-1.0	63.2	68.28	-1.0	217078.0	0.11800000000000001	NA	0.04
2910	1382	15	15	11005.2	549802.0	36199510.0	36469062.0	-1.0	duplication_inverted	289	290	-1	2	115	3098	3156	unknown	-1	-1	-1.0	75.79	78.59	-1.0	269552.0	0.221	NA	0.05
2975	1072	16	16	222513.6	222513.6	21931929.0	22219412.0	0.72	inversion	310	314	2976	39	39	3621	3678	heterozygous	1	664	-1.0	93.2	71.26	-1.0	219390.0	0.063	NA	0.13
3431	1551	23	23	4997.1	328812.5	52784702.0	52891183.0	-1.0	duplication_inverted	421	420	-1	1	62	10302	10326	unknown	-1	-1	-1.0	64.32	28.22	-1.0	106481.0	0.057	NA	0.04
