#h	SmapEntryID	QryContigID	RefcontigID1	RefcontigID2	QryStartPos	QryEndPos	RefStartPos	RefEndPos	Confidence	Type	XmapID1	XmapID2	LinkID	QryStartIdx	QryEndIdx	RefStartIdx	RefEndIdx	Zygosity	Genotype	GenotypeGroup	RawConfidence	RawConfidenceLeft	RawConfidenceRight	RawConfidenceCenter	SVsize	SVfreq	Orientation	VAF
146	261	1	1	23200641.2	23200641.2	183231150.0	183231150.0	0.88	inversion	40	44	147	4728	4728	31663	31663	heterozygous	1	-1	-1.0	6072.15	764.81	-1.0	2841756.0	0.311	NA	0.93
160	262	1	1	23202442.9	23202442.9	183231150.0	183231150.0	0.88	inversion	41	45	161	4730	4730	31663	31663	heterozygous	1	-1	-1.0	6075.61	766.58	-1.0	2841756.0	0.32	NA	0.93
168	261	1	1	20359651.6	20359651.6	186072906.0	186072906.0	0.88	inversion	44	48	169	4104	4104	32307	32307	heterozygous	1	-1	-1.0	764.81	5178.86	-1.0	2841756.0	0.17600000000000002	NA	0.93
171	262	1	1	20361318.0	20361318.0	186072906.0	186072906.0	0.88	inversion	45	49	172	4106	4106	32307	32307	heterozygous	1	-1	-1.0	766.58	5180.83	-1.0	2841756.0	0.196	NA	0.93
260	1491	1	1	1698.8	408830.9	248577497.0	248727939.0	-1.0	duplication_inverted	53	52	-1	1	77	44928	44962	unknown	-1	-1	-1.0	67.64	32.11	-1.0	150442.0	0.136	NA	0.09
590	542	3	3	-4840702.4	6882340.6	12919.5	5872408.0	-1.0	duplication_split	79	81	-1	0	1468	1	1277	unknown	-1	-1	-1.0	2442.79	262.53	-1.0	5859488.5	0.36200000000000004	NA	0.55
596	541	3	3	-4889721.8	6828640.8	17438.0	5872408.0	-1.0	duplication_split	80	82	-1	0	1457	2	1277	unknown	-1	-1	-1.0	2440.85	251.17	-1.0	5854970.0	0.27899999999999997	NA	0.45
1348	1180	5	5	-3768126.6	4435068.7	150267681.0	154363210.0	-1.0	duplication_split	108	109	-1	0	106	31297	32155	unknown	-1	-1	-1.0	67.92	71.3	-1.0	4095529.0	0.188	NA	0.19
1746	1200	7	7	3351.4	534098.7	139499767.0	139757946.0	-1.0	duplication_inverted	135	136	-1	1	79	27398	27437	unknown	-1	-1	-1.0	67.0	55.25	-1.0	258179.0	0.18100000000000002	NA	0.29
1998	1112	9	9	-2569079.3	3415204.1	38792298.0	41773932.0	-1.0	duplication_split	152	161	-1	0	158	8476	9018	unknown	-1	-1	-1.0	86.08	102.19	-1.0	2981634.0	0.26	NA	0.26
2138	1210	10	10	-4953173.0	5577368.0	17401054.0	22664000.0	-1.0	duplication_split	206	207	-1	0	128	3383	4462	unknown	-1	-1	-1.0	69.61	87.06	-1.0	5262946.0	0.24	NA	0.27
2144	911	10	10	209707.5	209707.5	46991592.0	47870426.5	0.96	inversion	215	221	2145	32	32	8849	8998	heterozygous	1	486	-1.0	147.9	76.21	-1.0	189840.5	0.044000000000000004	NA	0.43
2147	1991	10	10	74414360.7	74414360.7	47776804.0	48060267.0	0.98	inversion	218	222	2148	15055	15055	8997	9033	heterozygous	2	486	-1.0	221.01	18940.84	-1.0	785212.0	0.381	NA	0.43
2270	890	10	10	489172.7	1026031.0	125560010.0	125827375.0	-1.0	duplication_inverted	235	236	-1	104	188	24900	24942	unknown	-1	-1	-1.0	110.1	59.98	-1.0	267365.0	0.213	NA	0.21
2845	172	15	15	16524.7	403501.7	101787650.0	101976509.0	-1.0	duplication_inverted	275	278	-1	1	81	16198	16240	unknown	-1	-1	-1.0	17597.57	48.03	-1.0	188859.0	0.341	NA	0.48
2884	171	15	15	4938.8	467604.5	101749751.0	101976509.0	-1.0	duplication_inverted	276	277	-1	1	84	16197	16240	unknown	-1	-1	-1.0	17614.41	52.54	-1.0	226758.0	0.306	NA	0.52
2906	452	16	16	6019721.0	6101410.0	29498408.0	30320147.0	0.99	deletion	285	297	-1	810	826	4981	5105	heterozygous	1	-1	1129.31	3083.2	1129.31	4430.37	740050.0	0.316	NA	0.3
2910	1430	16	16	307067.8	307067.8	21500434.0	22244874.0	0.91	inversion	291	294	2911	56	56	3551	3684	heterozygous	1	-1	-1.0	74.41	65.63	-1.0	193928.0	0.067	NA	0.05
2918	792	16	16	358385.8	654921.1	33212292.0	33212292.0	0.82	inversion	300	301	2919	45	90	5562	5562	heterozygous	1	-1	-1.0	127.98	55.52	-1.0	355298.0	0.359	NA	0.16
3270	922	21	21	234066.9	326424.6	8129638.0	8405112.0	0.99	deletion	361	362	-1	9	24	319	351	heterozygous	1	-1	33.14	33.14	65.31	4419.8	183116.3	0.365	NA	0.34
