#h	SmapEntryID	QryContigID	RefcontigID1	RefcontigID2	QryStartPos	QryEndPos	RefStartPos	RefEndPos	Confidence	Type	XmapID1	XmapID2	LinkID	QryStartIdx	QryEndIdx	RefStartIdx	RefEndIdx	Zygosity	Genotype	GenotypeGroup	RawConfidence	RawConfidenceLeft	RawConfidenceRight	RawConfidenceCenter	SVsize	SVfreq	Orientation	VAF
376	1511	2	2	209794.0	209794.0	87052278.0	87511142.0	0.84	inversion	46	49	377	34	34	17571	17642	heterozygous	1	-1	-1.0	67.87	70.97	-1.0	206177.0	0.083	NA	0.08
452	22	2	2	109852258.8	110390847.1	241914201.0	242181357.0	-1.0	duplication_inverted	69	75	-1	22881	22959	48877	48917	unknown	-1	-1	-1.0	28554.43	53.3	-1.0	267156.0	0.321	NA	0.63
526	21	2	2	109953172.2	110249268.0	242035482.0	242181357.0	-1.0	duplication_inverted	70	76	-1	22897	22950	48890	48917	unknown	-1	-1	-1.0	28543.82	35.18	-1.0	145875.0	0.272	NA	0.37
789	211	3	3	8506318.2	8512769.0	190029108.5	190029108.5	0.99	inversion	90	92	790	1593	1594	39287	39287	homozygous	1	-1	-1.0	11296.88	2022.63	-1.0	8201487.5	0.302	NA	0.99
832	212	3	3	8497475.5	8503926.3	190029108.5	190029108.5	0.99	inversion	91	93	833	1589	1590	39287	39287	homozygous	1	-1	-1.0	11270.01	2015.9	-1.0	8201487.5	0.401	NA	0.99
845	1350	3	3	53301.9	582410.4	190036583.0	190295185.0	-1.0	duplication_inverted	94	95	-1	9	97	39288	39333	unknown	-1	-1	-1.0	55.52	68.48	-1.0	258602.0	0.28800000000000003	NA	0.12
1027	1370	4	4	49578.0	579643.2	87028264.5	87286759.0	-1.0	duplication_inverted	113	114	-1	12	119	17612	17664	unknown	-1	-1	-1.0	78.21	65.72	-1.0	258494.5	0.20800000000000002	NA	0.29
1512	32	6	6	27342835.1	27351791.5	88084134.0	88087789.0	1.0	inversion	142	146	1513	5821	5822	17735	17736	heterozygous	1	356	-1.0	7258.23	775.04	-1.0	2888608.0	0.21899999999999997	NA	0.95
1529	31	6	6	27301524.0	27310480.5	88084134.0	88087789.0	1.0	inversion	143	145	1530	5802	5803	17735	17736	heterozygous	1	356	-1.0	7230.82	778.82	-1.0	2888608.0	0.26	NA	0.95
1531	31	6	6	30197582.1	30209906.1	90976397.0	90993788.0	1.0	inversion	145	149	1532	6414	6418	18361	18365	heterozygous	1	357	-1.0	778.82	20724.96	-1.0	2888155.0	0.19399999999999998	NA	0.95
1533	32	6	6	30238893.2	30251217.2	90976397.0	90993788.0	1.0	inversion	146	150	1534	6431	6435	18361	18365	heterozygous	1	357	-1.0	775.04	20740.65	-1.0	2888155.0	0.256	NA	0.95
2069	271	9	9	16554.2	405281.5	14566.0	204223.0	-1.0	duplication_inverted	177	179	-1	1	74	1	38	unknown	-1	-1	-1.0	50.31	10461.42	-1.0	189657.0	0.392	NA	0.39
2070	272	9	9	5401.8	492651.6	14566.0	253494.0	-1.0	duplication_inverted	178	180	-1	1	85	1	44	unknown	-1	-1	-1.0	56.56	10458.52	-1.0	238928.0	0.358	NA	0.35
2128	1282	9	9	278140.0	287399.2	16423429.0	20186110.0	1.0	inversion	182	186	2129	63	64	3706	4520	heterozygous	1	492	-1.0	79.37	75.85	-1.0	279309.0	0.162	NA	0.26
2130	1281	9	9	310814.7	320073.7	16434715.0	20186110.0	0.98	inversion	183	187	2131	71	72	3708	4520	heterozygous	1	492	-1.0	84.71	88.46	-1.0	290595.0	0.20600000000000002	NA	0.26
2132	1390	9	9	13458.4	573495.6	19900672.0	20171500.0	-1.0	duplication_inverted	184	185	-1	2	119	4459	4519	unknown	-1	-1	-1.0	77.62	63.27	-1.0	270828.0	0.294	NA	0.43
3416	1320	20	20	-3869604.7	4497192.6	5765564.0	9944007.0	-1.0	duplication_split	348	349	-1	0	122	1017	1941	unknown	-1	-1	-1.0	64.08	89.02	-1.0	4178443.0	0.21100000000000002	NA	0.29
