0	1	0	2	H	[1]
1	1	176044006.75	2	T	[0, 2, 4]
2	1	176044007.75	2	H	[1, 3, 5]
3	1	230771890.5	2	T	[2, 4, 6]
4	1	230771891.5	2	H	[1, 3, 5]
5	1	233133907.0	2	T	[2, 4, 6]
6	1	233133908.0	2	H	[3, 5, 7]
7	1	248943333	2	T	[6]
8	2	15925	2	H	[9]
9	2	87052278.0	2	T	[8, 10, 11]
10	2	87052279.0	2	H	[9, 11]
11	2	87717319.0	2	T	[9, 10, 12]
12	2	87717320.0	2	H	[11, 13]
13	2	226036358.0	2	T	[12, 14]
14	2	226036359.0	3	H	[13, 15]
15	2	226042555.0	3	T	[16, 14]
16	2	226042556.0	3	H	[17, 15]
17	2	232819457.0	3	T	[16, 18]
18	2	232819458.0	3	H	[17, 19]
19	2	242181357.0	3	T	[18, 19]
20	3	12920	2	H	[21]
21	3	144143016.0	2	T	[24, 20, 22]
22	3	144143017.0	2	H	[49, 21, 23]
23	3	147909503.5	2	T	[24, 50, 22]
24	3	147909504.5	2	H	[25, 21, 23]
25	3	190029108.5	2	T	[24, 26, 29]
26	3	190029109.5	2	H	[25, 27]
27	3	190036582.0	2	T	[26, 28]
28	3	190036583.0	3	H	[27, 28, 29]
29	3	198230596.0	3	T	[25, 28]
30	4	12986	2	H	[31]
31	4	14742693.0	2	T	[32, 30]
32	4	14742694.0	3	H	[33, 31]
33	4	14748805.5	3	T	[32, 34]
34	4	14748806.5	3	H	[33, 35, 39]
35	4	14942587.5	3	T	[96, 34, 36]
36	4	14942588.5	3	H	[97, 35, 37]
37	4	19427978.0	3	T	[36, 38]
38	4	19427979	2	H	[37, 39]
39	4	19458270.0	2	T	[40, 34, 38]
40	4	19458271.0	2	H	[41, 39]
41	4	77917311.0	2	T	[40, 42]
42	4	77917312.0	2	H	[48, 41, 43]
43	4	77986653.0	2	T	[42, 44]
44	4	77986654.0	3	H	[43, 45]
45	4	87286759.0	3	T	[44, 45, 46]
46	4	87286760	2	H	[45, 47]
47	4	87306079.0	2	T	[48, 46]
48	4	87306080.0	2	H	[49, 42, 47]
49	4	143225854.0	2	T	[48, 50, 22]
50	4	143225855.0	2	H	[49, 51, 23]
51	4	190202563	2	T	[50]
52	5	19315	1	H	[53]
53	5	254718.0	1	T	[52, 54]
54	5	254719.0	1	H	[53, 55]
55	5	46400789.0	1	T	[56, 54]
56	5	46400790	1	H	[57, 55]
57	5	49709238.0	1	T	[56, 58]
58	5	49709239.0	1	H	[57, 59]
59	5	70612428.0	1	T	[58, 60]
60	5	70612429.0	1	H	[59, 61]
61	5	181301991.0	1	T	[60, 62]
62	5	181301992	1	H	[61, 63]
63	5	181472713	1	T	[62]
64	6	0	2	H	[65]
65	6	88086188.0	2	T	[64, 66, 67]
66	6	88086189.0	2	H	[65, 67, 68]
67	6	90985092.5	2	T	[65, 66, 68]
68	6	90985093.5	2	H	[66, 67, 69]
69	6	170739897	2	T	[68]
70	7	10488	2	H	[71]
71	7	81767674.0	2	T	[72, 70]
72	7	81767675.0	2	H	[73, 77, 71]
73	7	81851428.0	2	T	[72, 74]
74	7	81851429.0	3	H	[73, 75]
75	7	88398274.0	3	T	[74, 76]
76	7	88398275	2	H	[75, 77]
77	7	88552922.0	2	T	[72, 76, 78]
78	7	88552923.0	2	H	[77, 79]
79	7	159334983	2	T	[78]
80	8	0	2	H	[81]
81	8	145076125	2	T	[80]
82	9	14567	2	H	[82, 83]
83	9	356405.0	2	T	[82, 84]
84	9	356406.0	3	H	[83, 85]
85	9	6074294.0	3	T	[84, 86]
86	9	6074295	2	H	[85, 87]
87	9	16144120.0	2	T	[88, 86]
88	9	16144121.0	2	H	[89, 94, 87]
89	9	16349657.0	2	T	[88, 90]
90	9	16349658.0	3	H	[89, 91]
91	9	20171500.0	3	T	[90, 91, 92]
92	9	20171501	2	H	[91, 93]
93	9	20186110.0	2	T	[92, 94]
94	9	20186111.0	2	H	[88, 93, 95]
95	9	101872666.0	2	T	[96, 94]
96	9	101872667.0	2	H	[97, 35, 95]
97	9	111309305.0	2	T	[96, 98, 36]
98	9	111309306.0	2	H	[97, 99]
99	9	138334463	2	T	[98]
100	10	18515	2	H	[101]
101	10	138205.0	2	T	[100, 102]
102	10	138206.0	1	H	[101, 103]
103	10	140559.0	1	T	[104, 102]
104	10	140560	2	H	[105, 103]
105	10	133785265	2	T	[104]
106	11	0	2	H	[107]
107	11	135069565	2	T	[106]
108	12	0	2	H	[109]
109	12	133263960	2	T	[108]
110	13	0	2	H	[111]
111	13	114352102	2	T	[110]
112	14	0	2	H	[113]
113	14	106873282	2	T	[112]
114	15	0	2	H	[115]
115	15	101976509	2	T	[114]
116	16	14135	2	H	[117]
117	16	73630446.0	2	T	[120, 116, 118]
118	16	73630447.0	1	H	[117, 119]
119	16	80819841.0	1	T	[120, 118]
120	16	80819842.0	1	H	[121, 117, 119]
121	16	80880326.0	1	T	[120, 122]
122	16	80880327	2	H	[121, 123]
123	16	90224750	2	T	[122]
124	17	0	2	H	[125]
125	17	83246392	2	T	[124]
126	18	0	2	H	[127]
127	18	80256374	2	T	[126]
128	19	0	2	H	[129]
129	19	58605715	2	T	[128]
130	20	70157	2	H	[131]
131	20	161373.0	2	T	[130, 132]
132	20	161374.0	1	H	[131, 133]
133	20	164448.0	1	T	[132, 134]
134	20	164449	2	H	[133, 135]
135	20	5765563.0	2	T	[136, 134]
136	20	5765564.0	3	H	[137, 135]
137	20	9944007.0	3	T	[136, 138]
138	20	9944008	2	H	[137, 139]
139	20	64333717	2	T	[138]
140	21	5010515	2	H	[141]
141	21	46538858.0	2	T	[140, 142]
142	21	46538859.0	1	H	[141, 143]
143	21	46544430.0	1	T	[144, 142]
144	21	46544431	2	H	[145, 143]
145	21	46697229	2	T	[144]
146	22	0	2	H	[147]
147	22	50805587	2	T	[146]
148	23	0	2	H	[149]
149	23	156025612	2	T	[148]
150	24	0	0	H	[151]
151	24	57212132	0	T	[150]
