(6, 7, 2, 'S')
(7, 8, 2, 'R')
(8, 9, 2, 'S')
(9, 10, 2, 'R')
(11, 10, 2, 'S')
(11, 17, 1, 'SV')
(11, 12, 1, 'R')
(17, 16, 2, 'S')
(17, 18, 1, 'R')
(15, 16, 2, 'R')
(14, 15, 3, 'S')
(13, 14, 1, 'R')
(12, 13, 1, 'S')
(19, 18, 2, 'S')
(19, 24, 1, 'SV')
(19, 20, 1, 'R')
(25, 24, 2, 'S')
(23, 24, 1, 'R')
(25, 26, 1, 'R')
(22, 25, 1, 'SV')
(26, 27, 2, 'S')
(21, 26, 1, 'SV')
(27, 28, 1, 'R')
(27, 30, 1, 'SV')
(28, 29, 1, 'S')
(29, 30, 1, 'R')
(30, 31, 2, 'S')
(21, 20, 2, 'S')
(21, 22, 1, 'R')
(20, 23, 1, 'SV')
(23, 22, 2, 'S')
(14, 14, 1, 'SV')
(15, 18, 1, 'D')
