0	1	0	2	H	[1]
1	1	209351648.0	2	T	[0, 2, 60]
2	1	209351649.0	2	H	[1, 3, 59]
3	1	213690847.5	2	T	[2, 4, 62]
4	1	213690848.5	2	H	[61, 3, 5]
5	1	248943333	2	T	[4]
6	2	15925	2	H	[7]
7	2	213034.5	2	T	[8, 6]
8	2	213035.5	1	H	[9, 7]
9	2	217351.5	1	T	[8, 10]
10	2	217352.5	2	H	[9, 11]
11	2	6763399.0	2	T	[17, 10, 12]
12	2	6763400.0	2	H	[11, 13]
13	2	6766745.0	2	T	[12, 14]
14	2	6766746.0	3	H	[13, 14, 15]
15	2	10548906.0	3	T	[16, 14]
16	2	10548907	2	H	[17, 15]
17	2	11097905.0	2	T	[16, 18, 11]
18	2	11097906.0	2	H	[17, 19]
19	2	45355520.5	2	T	[24, 18, 20]
20	2	45355521.5	2	H	[19, 21, 23]
21	2	51026359.0	2	T	[26, 20, 22]
22	2	51026360.0	2	H	[25, 21, 23]
23	2	180861029.0	2	T	[24, 20, 22]
24	2	180861030.0	2	H	[25, 19, 23]
25	2	189239794.5	2	T	[24, 26, 22]
26	2	189239795.5	2	H	[25, 27, 21]
27	2	205878261.0	2	T	[26, 28, 30]
28	2	205878262.0	1	H	[27, 29]
29	2	208721685.5	1	T	[28, 30]
30	2	208721686.5	2	H	[27, 29, 31]
31	2	242181356	2	T	[30]
32	3	12920	2	H	[33]
33	3	39980278.0	2	T	[32, 34]
34	3	39980279.0	1	H	[33, 35]
35	3	40024722.0	1	T	[34, 36, 38]
36	3	40024723.0	1	H	[35, 37]
37	3	47416553.0	1	T	[36, 38]
38	3	47416554.0	1	H	[35, 37, 39]
39	3	47472638.0	1	T	[40, 38]
40	3	47472639	2	H	[41, 39]
41	3	198230595	2	T	[40]
42	4	12986	2	H	[43]
43	4	36131700.0	2	T	[42, 44]
44	4	36131701.0	1	H	[43, 45]
45	4	36167207.0	1	T	[48, 44, 46]
46	4	36167208.0	1	H	[45, 47]
47	4	43218398.0	1	T	[48, 46]
48	4	43218399.0	1	H	[49, 45, 47]
49	4	43326019.0	1	T	[48, 50]
50	4	43326020	2	H	[49, 51]
51	4	190202563	2	T	[50]
52	5	0	2	H	[53]
53	5	79086483.0	2	T	[72, 52, 54]
54	5	79086484.0	2	H	[53, 71, 55]
55	5	87255816.0	2	T	[56, 74, 54]
56	5	87255817.0	2	H	[73, 57, 55]
57	5	181472714	2	T	[56]
58	6	0	2	H	[59]
59	6	90579357.0	2	T	[58, 2, 60, 62]
60	6	90579358.0	2	H	[1, 59, 61]
61	6	93990037.5	2	T	[60, 4, 62]
62	6	93990038.5	2	H	[59, 3, 61, 63]
63	6	170739897	2	T	[62]
64	7	10488	2	H	[65]
65	7	64015782.0	2	T	[64, 66]
66	7	64015783.0	3	H	[65, 67]
67	7	66876970.0	3	T	[66, 68]
68	7	66876971	2	H	[67, 69]
69	7	159334983	2	T	[68]
70	8	61806	2	H	[71]
71	8	52987203.0	2	T	[72, 54, 70]
72	8	52987204.0	2	H	[73, 53, 71]
73	8	61171717.0	2	T	[72, 74, 56]
74	8	61171718.0	2	H	[73, 75, 55]
75	8	105838566.0	2	T	[74, 76, 77]
76	8	105838567.0	2	H	[75, 77, 78]
77	8	113567638.25	2	T	[75, 76, 78]
78	8	113567639.25	2	H	[76, 77, 79]
79	8	141481372.0	2	T	[80, 85, 78]
80	8	141481373.0	2	H	[81, 79]
81	8	141492002.0	2	T	[80, 82]
82	8	141492003.0	3	H	[81, 82, 83]
83	8	144888115.0	3	T	[82, 84]
84	8	144888116	2	H	[83, 85]
85	8	145076124	2	T	[84, 79]
86	9	0	2	H	[87]
87	9	138334464	2	T	[86]
88	10	18515	2	H	[89]
89	10	46991592.0	2	T	[88, 90, 91]
90	10	46991593.0	2	H	[89, 91, 92]
91	10	48060267.0	2	T	[89, 90, 92]
92	10	48060268.0	2	H	[90, 91, 93]
93	10	53492424.0	2	T	[99, 92, 94]
94	10	53492425.0	2	H	[93, 95]
95	10	53510097.0	2	T	[96, 94]
96	10	53510098.0	3	H	[96, 97, 95]
97	10	60366955.0	3	T	[96, 98]
98	10	60366956	2	H	[97, 99]
99	10	60428643.0	2	T	[98, 100, 93]
100	10	60428644.0	2	H	[99, 101]
101	10	72994152.0	2	T	[100, 102]
102	10	72994153.0	3	H	[101, 103]
103	10	77679732.0	3	T	[104, 102]
104	10	77679733	2	H	[105, 103]
105	10	107051881.0	2	T	[104, 106, 108]
106	10	107051882.0	1	H	[105, 107]
107	10	109591459.0	1	T	[106, 108]
108	10	109591460	2	H	[105, 107, 109]
109	10	133785265	2	T	[108]
110	11	0	2	H	[111]
111	11	135069565	2	T	[110]
112	12	0	2	H	[113]
113	12	133263960	2	T	[112]
114	13	0	2	H	[115]
115	13	114352102	2	T	[114]
116	14	0	2	H	[117]
117	14	104645779.0	2	T	[116, 118, 119]
118	14	104645780.0	2	H	[117, 119]
119	14	106873282	2	T	[117, 118]
120	15	17050954	2	H	[121]
121	15	22114847.0	2	T	[120, 122]
122	15	22114848.0	1	H	[121, 123]
123	15	28208206.0	1	T	[122, 124]
124	15	28208207	2	H	[123, 125]
125	15	101976508	2	T	[124]
126	16	14135	2	H	[127]
127	16	887823.0	2	T	[128, 126]
128	16	887824.0	1	H	[129, 127]
129	16	14105766.0	1	T	[128, 130]
130	16	14108392.0	1	H	[129, 131]
131	16	15689905.0	1	T	[130, 132]
132	16	15695587.0	1	H	[131, 133]
133	16	25420735.0	1	T	[132, 134]
134	16	25423841.0	1	H	[133, 135]
135	16	27055811.0	1	T	[136, 134]
136	16	27073389.0	1	H	[137, 135]
137	16	33083586.0	1	T	[136, 138]
138	16	33083587	2	H	[137, 139]
139	16	90224750	2	T	[138]
140	17	0	2	H	[141]
141	17	83246392	2	T	[140]
142	18	0	2	H	[143]
143	18	80256374	2	T	[142]
144	19	0	2	H	[145]
145	19	58605715	2	T	[144]
146	20	0	2	H	[147]
147	20	64333718	2	T	[146]
148	21	5010515	2	H	[149]
149	21	6323126.0	2	T	[155, 148, 150, 151]
150	21	6323127.0	2	H	[149, 151]
151	21	6986590.0	2	T	[152, 149, 150]
152	21	6986591.0	2	H	[153, 151]
153	21	6990066.0	2	T	[152, 154]
154	21	6990067.0	2	H	[153, 155]
155	21	6999540.0	2	T	[154, 156, 149]
156	21	6999541	2	H	[155, 157]
157	21	46697229	2	T	[156]
158	22	0	2	H	[159]
159	22	50805587	2	T	[158]
160	23	0	2	H	[161]
161	23	156025612	2	T	[160]
162	24	0	0	H	[163]
163	24	57212132	0	T	[162]
