#h	SmapEntryID	QryContigID	RefcontigID1	RefcontigID2	QryStartPos	QryEndPos	RefStartPos	RefEndPos	Confidence	Type	XmapID1	XmapID2	LinkID	QryStartIdx	QryEndIdx	RefStartIdx	RefEndIdx	Zygosity	Genotype	GenotypeGroup	RawConfidence	RawConfidenceLeft	RawConfidenceRight	RawConfidenceCenter	SVsize	SVfreq	Orientation	VAF
231	281	1	1	3188784.8	6608232.7	209351648.0	213698339.0	0.99	deletion	36	44	-1	616	1360	37071	37919	heterozygous	1	50	202.84	783.45	8798.12	202.84	927243.1	0.278	NA	0.57
235	282	1	1	3188882.0	6607992.3	209351648.0	213698339.0	0.99	deletion	37	45	-1	616	1359	37071	37919	heterozygous	1	50	202.98	784.3	8816.42	202.98	927580.7	0.272	NA	0.57
347	1350	2	2	311178.5	313573.8	6763399.0	10789163.0	1.0	inversion	48	51	348	44	45	1192	1945	heterozygous	1	-1	-1.0	77.87	57.76	-1.0	308742.0	0.252	NA	0.18
349	1450	2	2	50302.1	589190.3	6766746.0	7034936.0	-1.0	duplication_inverted	49	50	-1	3	100	1193	1244	unknown	-1	-1	-1.0	66.0	68.92	-1.0	268190.0	0.293	NA	0.08
1780	1230	7	7	-2551487.8	3183687.0	64015783.0	66876970.0	-1.0	duplication_split	157	158	-1	0	120	11877	12409	unknown	-1	-1	-1.0	59.13	88.03	-1.0	2861187.0	0.163	NA	0.16
2075	1492	8	8	289736.6	300783.1	141481372.0	144849982.0	0.99	inversion	192	197	2076	29	30	28693	29031	heterozygous	1	513	-1.0	45.07	58.63	-1.0	226143.0	0.204	NA	0.28
2077	1491	8	8	286906.4	297952.9	141481372.0	144871272.0	1.0	inversion	193	198	2078	28	29	28693	29034	heterozygous	1	513	-1.0	43.74	54.68	-1.0	204853.0	0.151	NA	0.28
2079	1460	8	8	41425.9	573667.5	141492003.0	141756236.0	-1.0	duplication_inverted	194	195	-1	3	50	28694	28717	unknown	-1	-1	-1.0	36.45	40.18	-1.0	264233.0	0.20800000000000002	NA	0.07
2381	1081	10	10	219806.6	219806.6	46991592.0	47870426.5	0.94	inversion	261	264	2382	34	34	8849	8998	heterozygous	1	585	-1.0	136.32	77.12	-1.0	189840.5	0.092	NA	0.15
2383	1550	10	10	283417.9	283417.9	47160254.0	48060267.0	0.92	inversion	262	265	2384	49	49	8884	9033	heterozygous	2	585	-1.0	80.84	68.75	-1.0	168662.0	0.162	NA	0.15
2387	1430	10	10	6382.9	565583.4	53510098.0	53784338.0	-1.0	duplication_inverted	268	269	-1	1	127	10205	10269	unknown	-1	-1	-1.0	77.2	84.21	-1.0	274240.0	0.308	NA	0.09
2390	1161	10	10	-4424812.9	4955002.8	72994153.0	77679732.0	-1.0	duplication_split	271	274	-1	0	116	14360	15306	unknown	-1	-1	-1.0	88.53	53.46	-1.0	4685579.0	0.141	NA	0.13
2392	1162	10	10	-4379857.6	4999914.5	72994153.0	77679732.0	-1.0	duplication_split	272	273	-1	0	124	14360	15306	unknown	-1	-1	-1.0	88.54	65.32	-1.0	4685579.0	0.12	NA	0.11
2997	951	14	14	306349.9	340382.4	104645779.0	106298978.0	1.0	inversion	303	307	2998	32	33	17718	17885	heterozygous	1	-1	-1.0	48.17	110.1	-1.0	574304.0	0.182	NA	0.21
3455	721	21	21	202606.6	202606.6	6329601.0	6793848.5	0.83	inversion	361	370	3456	25	25	137	189	heterozygous	1	824	-1.0	194.22	59.92	-1.0	192741.5	0.132	NA	0.31
3459	2632	21	21	230315.3	230315.3	6316651.0	6793848.5	0.95	inversion	362	371	3460	28	28	134	189	heterozygous	1	824	-1.0	100.0	62.63	-1.0	205691.5	0.235	NA	0.31
